D = np.array([
    [
    [1,	1,	1,	1,	1,	1,	1],
    [1,	1,	1,	1,	1,	1,	1],
    [0,	0,	0,	0,	0,	1,	1],
    [0,	0,	0,	0,	0,	1,	1],
    [0,	0,	0,	0,	0,	1,	1],
    [0,	0,	0,	0,	1,	1,	0],
    [0,	0,	0,	1,	1,	0,	0],
    [0,	0,	1,	1,	0,	0,	0],
    [0,	1,	1,	0,	0,	0,	0],
    [1,	1,	0,	0,	0,	0,	0],
    [1,	1,	1,	1,	1,	1,	1],
    [1,	1,	1,	1,	1,	1,	1],
    ],
    [
    [1, 1,	1,	1,	1,	1,	1],
    [1,	1,	1,	1,	1,	1,	1],
    [0,	0,	0,	0,	0,	1,	1],
    [0,	0,	0,	0,	0,	1,	1],
    [0,	0,	0,	0,	1,	1,	0],
    [0,	0,	1,	1,	1,	0,	0],
    [0,	0,	1,	1,	1,	0,	0],
    [0,	0,	0,	0,	1,	1,	0],
    [0,	0,	0,	0,	0,	1,	1],
    [0,	0,	0,	0,	0,	1,	1],
    [1,	1,	1,	1,	1,	1,	1],
    [1,	1,	1,	1,	1,	1,	1],
    ],
    [
    [0,	1,	1,	1,	1,	1,	0],
    [1,	1,	1,	1,	1,	1,	1],
    [1,	1,	0,	0,	0,	1,	1],
    [1,	1,	0,	0,	0,	0,	0],
    [1,	1,	0,	0,	0,	0,	0],
    [1,	1,	1,	1,	1,	1,	1],
    [1,	1,	1,	1,	1,	1,	1],
    [1,	1,	0,	0,	0,	1,	1],
    [1,	1,	0,	0,	0,	1,	1],
    [1,	1,	0,	0,	0,	1,	1],
    [1,	1,	1,	1,	1,	1,	1],
    [0,	1,	1,	1,	1,	1,	0]],
    [
    [0,	1,	1,	1,	1,	1,	0],
    [1,	1,	1,	1,	1,	1,	1],
    [1,	1,	0,	0,	0,	1,	1],
    [1,	1,	0,	0,	0,	1,	1],
    [1,	1,	0,	0,	0,	1,	1],
    [1,	1,	0,	0,	0,	1,	1],
    [1,	1,	0,	0,	0,	1,	1],
    [1,	1,	0,	0,	0,	1,	1],
    [1,	1,	0,	0,	0,	1,	1],
    [1,	1,	0,	0,	0,	1,	1],
    [1,	1,	1,	1,	1,	1,	1],
    [0,	1,	1,	1,	1,	1,	0]]
]) 


# '''
# D_test = np.array([
#     [0,	0,	1,	1,	1,	1,	1,	1,	1,	0,	0,	0,	1,	1,	1,	1,	1,	0,	0,	0,	
#      0,	0,	1,	1,	1,	1,	1,	1,	1,	0,	0,	1,	1,	1,	1,	1,	1,	1,	0,	0,	
#      0,	0,	0,	0,	0,	0,	0,	1,	1,	0,	0,	1,	1,	0,	0,	0,	1,	1,	0,	0,	
#      0,	0,	0,	0,	0,	0,	0,	1,	1,	0,	0,	1,	1,	0,	0,	0,	1,	1,	0,	0,	
#      0,	0,	0,	0,	0,	0,	0,	1,	1,	0,	0,	1,	1,	0,	0,	0,	1,	1,	0,	0,	
#      0,	0,	0,	0,	0,	0,	1,	1,	0,	0,	0,	1,	1,	0,	0,	0,	1,	1,	0,	0,	
#      0,	0,	0,	0,	0,	1,	1,	0,	0,	0,	0,	1,	1,	0,	0,	0,	1,	1,	0,	0,	
#      0,	0,	0,	0,	1,	1,	0,	0,	0,	0,	0,	1,	1,	0,	0,	0,	1,	1,	0,	0,	
#      0,	0,	0,	1,	1,	0,	0,	0,	0,	0,	0,	1,	1,	0,	0,	0,	1,	1,	0,	0,	
#      0,	0,	1,	1,	0,	0,	0,	0,	0,	0,	0,	1,	1,	0,	0,	0,	1,	1,	0,	0,	
#      0,	0,	1,	1,	1,	1,	1,	1,	1,	0,	0,	1,	1,	1,	1,	1,	1,	1,	0,	0,	
#      0,	0,	1,	1,	1,	1,	1,	1,	1,	0,	0,	0,	1,	1,	1,	1,	1,	0,	0,	0],

#     [0,	0,	1,	1,	1,	1,	1,	1,	1,	0,	0,	0,	1,	1,	1,	1,	1,	0,	0,	0,	
#      0,	0,	1,	1,	1,	1,	1,	1,	1,	0,	0,	1,	1,	1,	1,	1,	1,	1,	0,	0,	
#      0,	0,	0,	0,	0,	0,	0,	1,	1,	0,	0,	1,	1,	0,	0,	0,	1,	1,	0,	0,	
#      0,	0,	0,	0,	0,	0,	0,	1,	1,	0,	0,	1,	1,	0,	0,	0,	1,	1,	0,	0,	
#      0,	0,	0,	0,	0,	0,	1,	1,	0,	0,	0,	1,	1,	0,	0,	0,	1,	1,	0,	0,	
#      0,	0,	0,	0,	1,	1,	1,	0,	0,	0,	0,	1,	1,	0,	0,	0,	1,	1,	0,	0,	
#      0,	0,	0,	0,	1,	1,	1,	0,	0,	0,	0,	1,	1,	0,	0,	0,	1,	1,	0,	0,	
#      0,	0,	0,	0,	0,	0,	1,	1,	0,	0,	0,	1,	1,	0,	0,	0,	1,	1,	0,	0,	
#      0,	0,	0,	0,	0,	0,	0,	1,	1,	0,	0,	1,	1,	0,	0,	0,	1,	1,	0,	0,	
#      0,	0,	0,	0,	0,	0,	0,	1,	1,	0,	0,	1,	1,	0,	0,	0,	1,	1,	0,	0,	
#      0,	0,	1,	1,	1,	1,	1,	1,	1,	0,	0,	1,	1,	1,	1,	1,	1,	1,	0,	0,	
#      0,	0,	1,	1,	1,	1,	1,	1,	1,	0,	0,	0,	1,	1,	1,	1,	1,	0,	0,	0],

#     [0,	0,	0,	1,	1,	1,	1,	1,	0,	0,	0,	0,	1,	1,	1,	1,	1,	0,	0,	0,	
#      0,	0,	1,	1,	1,	1,	1,	1,	1,	0,	0,	1,	1,	1,	1,	1,	1,	1,	0,	0,	
#      0,	0,	1,	1,	0,	0,	0,	1,	1,	0,	0,	1,	1,	0,	0,	0,	1,	1,	0,	0,	
#      0,	0,	1,	1,	0,	0,	0,	0,	0,	0,	0,	1,	1,	0,	0,	0,	1,	1,	0,	0,	
#      0,	0,	1,	1,	0,	0,	0,	0,	0,	0,	0,	1,	1,	0,	0,	0,	1,	1,	0,	0,	
#      0,	0,	1,	1,	1,	1,	1,	1,	0,	0,	0,	1,	1,	0,	0,	0,	1,	1,	0,	0,	
#      0,	0,	1,	1,	1,	1,	1,	1,	1,	0,	0,	1,	1,	0,	0,	0,	1,	1,	0,	0,	
#      0,	0,	1,	1,	0,	0,	0,	1,	1,	0,	0,	1,	1,	0,	0,	0,	1,	1,	0,	0,	
#      0,	0,	1,	1,	0,	0,	0,	1,	1,	0,	0,	1,	1,	0,	0,	0,	1,	1,	0,	0,	
#      0,	0,	1,	1,	0,	0,	0,	1,	1,	0,	0,	1,	1,	0,	0,	0,	1,	1,	0,	0,	
#      0,	0,	1,	1,	1,	1,	1,	1,	1,	0,	0,	1,	1,	1,	1,	1,	1,	1,	0,	0,	
#      0,	0,	0,	1,	1,	1,	1,	1,	0,	0,	0,	0,	1,	1,	1,	1,	1,	0,	0,	0]
# ])
# '''


# N_test = D_test.shape[1]


[1. 0. 0. 1. 1. 1. 1.
 1. 0. 0. 1. 1. 1. 1. 
 1. 0. 0. 0. 0. 0. 0. 
 1. 0. 0. 0. 0. 0. 0. 
 1. 0. 0. 0. 0. 0. 0.
 1. 0. 0. 0. 0. 0. 0. 
 1. 0. 0. 0. 0. 0. 1. 
 1. 0. 0. 0. 0. 1. 1. 
 1. 0. 0. 0. 1. 1. 0. 
 1. 0. 0. 1. 1. 0. 0. 
 1. 0. 0. 1. 1. 1. 1.
 1. 0. 0. 1. 1. 1. 1.]